[[[ 0.10102328  0.97856322  0.582841   ..., -1.10747572  0.34608606
   -0.21693164]
  [-1.2513641  -0.87627133 -0.06667501 ..., -0.18765307 -0.74748559
    0.67356866]
  [-0.20712793 -1.20094597 -1.07398322 ...,  0.72637488 -0.92031084
   -1.80707717]
  [ 0.79360492  0.76768874 -0.05358035 ..., -0.05942876  1.26919192
   -0.09860135]]

 [[ 0.29066472  0.74340568 -1.33259347 ..., -1.68489207  0.65539569
    0.10429396]
  [ 0.53456124 -0.53115162 -0.83658784 ..., -1.72852399  1.19175557
   -0.36453053]
  [ 0.73159832 -1.28037566  0.16823275 ..., -1.19027998  1.52238639
   -0.27722547]
  [ 0.46682797 -1.92815163  0.87093656 ..., -0.18130168  0.96761599
   -0.33901433]]

 [[ 1.08949714  0.10431756 -0.92557731 ..., -1.56071144 -1.03252437
    0.06311923]
  [ 0.24249327 -0.06769934 -1.08709683 ..., -1.36667191 -1.74921697
   -1.2049175 ]
  [-0.26221709  0.11583336 -0.37125681 ...,  0.37588974 -0.55894428
   -0.85419574]
  [-0.07675188  0.63289701  0.93676979 ...,  0.94135071  0.19070251
   -0.64014872]]

 ..., 
 [[-0.01774799  1.02095627 -0.12404585 ..., -0.11077567 -0.66939655
   -0.1736647 ]
  [ 0.38266612 -0.13780398  0.37785335 ...,  0.06519848 -1.37687411
    0.13073893]
  [ 0.13096732 -0.3083081   0.66950928 ..., -0.25159719 -0.59216515
   -0.3120003 ]
  [-0.34436694  0.73467304  0.22085776 ..., -0.07511232  0.40056361
   -0.92763472]]

 [[-0.75640863 -0.60827636 -0.34004315 ..., -0.60236831 -0.29430133
    0.16952065]
  [-0.10686609  0.48057353  0.75191957 ...,  1.33095996  0.71719735
   -0.16721705]
  [-0.63670645 -0.87176321 -0.0396575  ..., -0.53240732 -0.055502
   -0.31766335]
  [ 0.03111569  1.0148645   0.52285265 ...,  1.16650942  0.32932287
    0.10914759]]

 [[ 0.15752066  0.16388465  0.17132033 ..., -0.42276094 -0.671173
   -0.8984444 ]
  [-0.03823193 -0.38743993 -0.64196443 ...,  1.24151759  1.2600088
    1.20721203]
  [-0.18541136 -0.19715771 -0.29662593 ..., -0.100164   -0.17234255
   -0.31231312]
  [ 1.28977054  1.17376678  1.04207597 ...,  0.31961027  0.6614786
    0.95148642]]]
